[[1]]
           -1         0         1
-1 0.00000000 0.0000000 1.0000000
0  0.00000000 0.5000000 0.5000000
1  0.04545455 0.2272727 0.7272727

[[2]]
           -1         0         1
-1 0.00000000 0.3333333 0.6666667
0  0.08695652 0.7391304 0.1739130
1  0.11111111 0.5555556 0.3333333

[[3]]
      -1         0         1
-1 0.000 0.7500000 0.2500000
0  0.125 0.3750000 0.5000000
1  0.000 0.8421053 0.1578947

[[4]]
           -1         0         1
-1 0.00000000 0.6666667 0.3333333
0  0.09090909 0.4545455 0.4545455
1  0.18181818 0.2727273 0.5454545

[[5]]
          -1         0         1
-1 0.4285714 0.1428571 0.4285714
0  0.3000000 0.5000000 0.2000000
1  0.1666667 0.5000000 0.3333333

[[6]]
           -1         0         1
-1 0.50000000 0.5000000 0.0000000
0  0.05128205 0.8461538 0.1025641
1  0.00000000 1.0000000 0.0000000

[[7]]
       -1      0      1
-1 0.0000 0.8000 0.2000
0  0.1875 0.1250 0.6875
1  0.1250 0.5625 0.3125

[[8]]
          -1         0         1
-1 0.0000000 0.4000000 0.6000000
0  0.0000000 0.7222222 0.2777778
1  0.1612903 0.2258065 0.6129032

[[9]]
           -1         0         1
-1 0.00000000 0.6000000 0.4000000
0  0.10000000 0.6333333 0.2666667
1  0.05882353 0.4705882 0.4705882

[[10]]
           -1         0         1
-1 0.00000000 0.6000000 0.4000000
0  0.12000000 0.4000000 0.4800000
1  0.04545455 0.2727273 0.6818182

[[11]]
           -1         0         1
-1 0.00000000 0.6666667 0.3333333
0  0.15384615 0.3846154 0.4615385
1  0.04545455 0.2727273 0.6818182

[[12]]
          -1         0         1
-1 0.1600000 0.4000000 0.4400000
0  0.3720930 0.3255814 0.3023256
1  0.1162791 0.4418605 0.4418605

[[13]]
           -1         0         1
-1 0.00000000 0.2500000 0.7500000
0  0.09375000 0.4375000 0.4687500
1  0.03571429 0.6428571 0.3214286

[[14]]
          -1         0          1
-1 0.2352941 0.1764706 0.58823529
0  0.3181818 0.5909091 0.09090909
1  0.4000000 0.4000000 0.20000000

[[15]]
           -1          0         1
-1 0.63636364 0.09090909 0.2727273
0  0.30000000 0.10000000 0.6000000
1  0.06666667 0.46666667 0.4666667

[[16]]
          -1         0         1
-1 0.0000000 0.5000000 0.5000000
0  0.3636364 0.4545455 0.1818182
1  0.1666667 0.2500000 0.5833333

[[17]]
      -1     0     1
-1 0.000 0.875 0.125
0  0.500 0.250 0.250
1  0.375 0.000 0.625

[[18]]
      -1         0         1
-1 0.000 0.0000000 1.0000000
0  0.400 0.2000000 0.4000000
1  0.125 0.1666667 0.7083333

[[19]]
           -1         0         1
-1 0.00000000 0.2000000 0.8000000
0  0.50000000 0.1666667 0.3333333
1  0.08695652 0.1739130 0.7391304

[[20]]
          -1         0         1
-1 0.1428571 0.4285714 0.4285714
0  0.1111111 0.5925926 0.2962963
1  0.1333333 0.6000000 0.2666667

[[21]]
          -1         0         1
-1 0.0000000 0.1250000 0.8750000
0  0.3333333 0.2000000 0.4666667
1  0.1764706 0.5882353 0.2352941

[[22]]
          -1         0         1
-1 0.1000000 0.6000000 0.3000000
0  0.1052632 0.4210526 0.4736842
1  0.1351351 0.4324324 0.4324324

[[23]]
           -1         0         1
-1 0.00000000 1.0000000 0.0000000
0  0.00000000 0.7037037 0.2962963
1  0.06666667 0.4000000 0.5333333

[[24]]
          -1         0         1
-1 0.1538462 0.6153846 0.2307692
0  0.2187500 0.4062500 0.3750000
1  0.2000000 0.5500000 0.2500000

[[25]]
          -1         0         1
-1 0.0000000 0.6000000 0.4000000
0  0.1176471 0.6470588 0.2352941
1  0.2307692 0.1538462 0.6153846

[[26]]
     -1         0         1
-1 0.25 0.5000000 0.2500000
0  0.00 0.6666667 0.3333333
1  0.30 0.4000000 0.3000000

[[27]]
          -1         0         1
-1 0.4285714 0.2857143 0.2857143
0  0.1818182 0.4090909 0.4090909
1  0.2500000 0.4000000 0.3500000

[[28]]
           -1   0         1
-1 0.00000000 0.5 0.5000000
0  0.05714286 0.8 0.1428571
1  0.00000000 0.6 0.4000000

[[29]]
           -1         0         1
-1 0.07142857 0.7857143 0.1428571
0  0.29166667 0.5000000 0.2083333
1  0.66666667 0.1111111 0.2222222

[[30]]
          -1         0          1
-1 0.1500000 0.7500000 0.10000000
0  0.4736842 0.4736842 0.05263158
1  0.0000000 0.4545455 0.54545455

[[31]]
          -1         0         1
-1 0.1428571 0.4285714 0.4285714
0  0.1428571 0.6666667 0.1904762
1  0.2857143 0.7142857 0.0000000

[[32]]
          -1          0         1
-1 0.1250000 0.62500000 0.2500000
0  0.1500000 0.70000000 0.1500000
1  0.3076923 0.07692308 0.6153846

[[33]]
           -1         0         1
-1 0.42857143 0.0000000 0.5714286
0  0.50000000 0.2500000 0.2500000
1  0.07692308 0.3076923 0.6153846

[[34]]
   -1         0         1
-1  0 1.0000000 0.0000000
0   0 0.4000000 0.6000000
1   0 0.3333333 0.6666667

[[35]]
           -1         0         1
-1 0.00000000 1.0000000 0.0000000
0  0.12500000 0.5833333 0.2916667
1  0.08333333 0.5833333 0.3333333

[[36]]
   -1   0   1
-1  0 1.0 0.0
0   0 0.5 0.5
1   1 0.0 0.0

[[37]]
          -1         0         1
-1 0.1111111 0.6666667 0.2222222
0  0.2777778 0.3333333 0.3888889
1  0.1875000 0.3125000 0.5000000

[[38]]
           -1         0         1
-1 0.18181818 0.6363636 0.1818182
0  0.04938272 0.7654321 0.1851852
1  0.23529412 0.7647059 0.0000000

[[39]]
          -1         0          1
-1 0.0000000 0.9090909 0.09090909
0  0.3750000 0.4583333 0.16666667
1  0.2222222 0.2222222 0.55555556

[[40]]
          -1         0         1
-1 0.0000000 1.0000000 0.0000000
0  0.1282051 0.6153846 0.2564103
1  0.0000000 1.0000000 0.0000000

[[41]]
          -1         0         1
-1 0.0000000 0.6666667 0.3333333
0  0.0400000 0.7200000 0.2400000
1  0.3684211 0.4210526 0.2105263

[[42]]
           -1         0         1
-1 0.00000000 0.6666667 0.3333333
0  0.03333333 0.4000000 0.5666667
1  0.18181818 0.6818182 0.1363636

[[43]]
           -1         0         1
-1 0.00000000 0.7500000 0.2500000
0  0.08695652 0.5652174 0.3478261
1  0.13333333 0.4666667 0.4000000

[[44]]
          -1          0         1
-1 0.1250000 0.62500000 0.2500000
0  0.4117647 0.29411765 0.2941176
1  0.7272727 0.09090909 0.1818182

[[45]]
          -1         0         1
-1 0.0000000 1.0000000 0.0000000
0  0.1428571 0.5714286 0.2857143
1  0.0500000 0.2500000 0.7000000

[[46]]
          -1         0         1
-1 0.2500000 0.1250000 0.6250000
0  0.2222222 0.6666667 0.1111111
1  0.1666667 0.4166667 0.4166667

[[47]]
          -1         0         1
-1 0.0000000 0.6250000 0.3750000
0  0.2142857 0.3928571 0.3928571
1  0.1250000 0.7500000 0.1250000

[[48]]
           -1         0         1
-1 0.33333333 0.3333333 0.3333333
0  0.04347826 0.4782609 0.4782609
1  0.05000000 0.6000000 0.3500000

[[49]]
          -1         0         1
-1 0.0000000 0.8000000 0.2000000
0  0.1428571 0.7142857 0.1428571
1  0.1428571 0.7142857 0.1428571

[[50]]
         -1         0         1
-1 0.000000 0.2000000 0.8000000
0  0.000000 0.6250000 0.3750000
1  0.137931 0.1724138 0.6896552

[[51]]
          -1         0         1
-1 0.1428571 0.5714286 0.2857143
0  0.1500000 0.4500000 0.4000000
1  0.2307692 0.5384615 0.2307692

[[52]]
           -1         0         1
-1 0.00000000 0.1666667 0.8333333
0  0.03846154 0.3076923 0.6538462
1  0.10204082 0.3469388 0.5510204

[[53]]
           -1         0         1
-1 0.00000000 0.4000000 0.6000000
0  0.00000000 0.5000000 0.5000000
1  0.09259259 0.1851852 0.7222222

[[54]]
          -1         0         1
-1 0.0000000 1.0000000 0.0000000
0  0.1578947 0.5263158 0.3157895
1  0.0000000 0.6666667 0.3333333

[[55]]
          -1         0         1
-1 0.0000000 0.8333333 0.1666667
0  0.2307692 0.2307692 0.5384615
1  0.1250000 0.2083333 0.6666667

[[56]]
           -1         0         1
-1 0.40740741 0.4814815 0.1111111
0  0.50000000 0.2857143 0.2142857
1  0.07142857 0.5714286 0.3571429

[[57]]
           -1         0         1
-1 0.00000000 0.2500000 0.7500000
0  0.16666667 0.5000000 0.3333333
1  0.09090909 0.5454545 0.3636364

[[58]]
          -1         0         1
-1 0.2000000 0.8000000 0.0000000
0  0.2352941 0.5882353 0.1764706
1  0.0000000 1.0000000 0.0000000

[[59]]
          -1         0         1
-1 0.0000000 0.7500000 0.2500000
0  0.6666667 0.1666667 0.1666667
1  0.0000000 0.7500000 0.2500000

[[60]]
          -1         0         1
-1 0.0000000 0.5000000 0.5000000
0  0.1666667 0.8333333 0.0000000
1  0.2857143 0.1428571 0.5714286

[[61]]
           -1         0   1
-1 0.21428571 0.7857143 0.0
0  0.06666667 0.4333333 0.5
1  0.40000000 0.3000000 0.3

[[62]]
          -1         0          1
-1 0.2222222 0.3333333 0.44444444
0  0.2500000 0.4500000 0.30000000
1  0.2727273 0.6363636 0.09090909

[[63]]
          -1         0         1
-1 0.0000000 0.0000000 1.0000000
0  0.1000000 0.6000000 0.3000000
1  0.1111111 0.1666667 0.7222222

[[64]]
          -1         0         1
-1 0.0000000 0.8333333 0.1666667
0  0.2083333 0.6666667 0.1250000
1  0.0000000 0.5714286 0.4285714

[[65]]
          -1         0         1
-1 0.0000000 0.8333333 0.1666667
0  0.2083333 0.6666667 0.1250000
1  0.0000000 0.5000000 0.5000000

[[66]]
           -1         0         1
-1 0.00000000 0.3333333 0.6666667
0  0.04081633 0.8367347 0.1224490
1  0.07142857 0.5000000 0.4285714

[[67]]
          -1         0         1
-1 0.1428571 0.1428571 0.7142857
0  0.2500000 0.1666667 0.5833333
1  0.1578947 0.4736842 0.3684211

[[68]]
          -1         0         1
-1 0.3333333 0.4166667 0.2500000
0  0.5000000 0.2777778 0.2222222
1  0.3529412 0.2352941 0.4117647

[[69]]
          -1         0         1
-1 0.0000000 1.0000000 0.0000000
0  0.3333333 0.5555556 0.1111111
1  0.0000000 1.0000000 0.0000000

[[70]]
          -1         0         1
-1 0.5000000 0.0000000 0.5000000
0  0.2222222 0.2222222 0.5555556
1  0.0000000 0.3333333 0.6666667

[[71]]
           -1         0         1
-1 0.40000000 0.6000000 0.0000000
0  0.07407407 0.5555556 0.3703704
1  0.07692308 0.6153846 0.3076923

[[72]]
          -1         0         1
-1 0.1000000 0.5000000 0.4000000
0  0.2333333 0.4000000 0.3666667
1  0.1034483 0.4137931 0.4827586

[[73]]
           -1         0         1
-1 0.00000000 1.0000000 0.0000000
0  0.08333333 0.2500000 0.6666667
1  0.05555556 0.3888889 0.5555556

[[74]]
      -1         0         1
-1 0.000 0.3333333 0.6666667
0  0.125 0.7500000 0.1250000
1  0.000 0.7142857 0.2857143

