[[1]]
           -1         0          1
-1 0.00000000 1.0000000 0.00000000
0  0.05882353 0.8823529 0.05882353
1  0.00000000 0.0000000 1.00000000

[[2]]
           -1         0         1
-1 0.00000000 1.0000000 0.0000000
0  0.05263158 0.7368421 0.2105263
1  0.00000000 0.8000000 0.2000000

[[3]]
          -1         0         1
-1 0.1818182 0.2727273 0.5454545
0  0.6666667 0.0000000 0.3333333
1  0.3333333 0.2500000 0.4166667

[[4]]
          -1         0         1
-1 0.2500000 0.2500000 0.5000000
0  0.1428571 0.2857143 0.5714286
1  0.1818182 0.2727273 0.5454545

[[5]]
     -1    0    1
-1 0.25 0.75 0.00
0  0.30 0.60 0.10
1  0.25 0.00 0.75

[[6]]
          -1         0         1
-1 0.5000000 0.5000000 0.0000000
0  0.4285714 0.2857143 0.2857143
1  0.6666667 0.0000000 0.3333333

[[7]]
          -1         0
-1 0.0000000 1.0000000
0  0.3333333 0.6666667

[[8]]
          -1         0         1
-1 0.0000000 0.6000000 0.4000000
0  0.2941176 0.7058824 0.0000000
1  0.0000000 0.6666667 0.3333333

[[9]]
          -1         0         1
-1 0.0000000 0.6000000 0.4000000
0  0.2941176 0.7058824 0.0000000
1  0.0000000 0.6666667 0.3333333

[[10]]
          -1         0          1
-1 0.2500000 0.7500000 0.00000000
0  0.1071429 0.8214286 0.07142857
1  0.0000000 0.6666667 0.33333333

[[11]]
          -1         0         1
-1 0.3000000 0.6000000 0.1000000
0  0.3125000 0.4375000 0.2500000
1  0.1111111 0.4444444 0.4444444

[[12]]
          -1         0         1
-1 0.0000000 1.0000000 0.0000000
0  0.2857143 0.5714286 0.1428571
1  0.0000000 0.5000000 0.5000000

[[13]]
  0
0 1

[[14]]
           -1         0         1
-1 0.00000000 0.4000000 0.6000000
0  0.07692308 0.6410256 0.2820513
1  0.09090909 0.5454545 0.3636364

[[15]]
       -1     0      1
-1 0.0000 0.750 0.2500
0  0.1875 0.625 0.1875
1  0.0000 1.000 0.0000

[[16]]
    -1         0         1
-1 0.0 0.7500000 0.2500000
0  0.2 0.6000000 0.2000000
1  0.0 0.6666667 0.3333333

[[17]]
          0         1
0 0.6470588 0.3529412
1 0.8333333 0.1666667

[[18]]
          0         1
0 0.6470588 0.3529412
1 0.8333333 0.1666667

[[19]]
           -1         0         1
-1 0.00000000 0.0000000 1.0000000
0  0.00000000 0.7272727 0.2727273
1  0.06666667 0.2666667 0.6666667

[[20]]
           -1         0         1
-1 0.33333333 0.0000000 0.6666667
0  0.03703704 0.8148148 0.1481481
1  0.10000000 0.6000000 0.3000000

[[21]]
    -1         0         1
-1 0.0 1.0000000 0.0000000
0  0.0 0.4545455 0.5454545
1  0.1 0.5000000 0.4000000

[[22]]
          -1         0          1
-1 0.0000000 0.7500000 0.25000000
0  0.1666667 0.7777778 0.05555556
1  0.5000000 0.5000000 0.00000000

[[23]]
          -1         0
-1 0.0000000 1.0000000
0  0.1111111 0.8888889

[[24]]
          -1          0          1
-1 0.5454545 0.09090909 0.36363636
0  0.4545455 0.45454545 0.09090909
1  0.1666667 0.83333333 0.00000000

[[25]]
          -1         0         1
-1 0.1250000 0.3750000 0.5000000
0  0.2222222 0.5555556 0.2222222
1  0.7142857 0.2857143 0.0000000

[[26]]
          0         1
0 0.5833333 0.4166667
1 0.3333333 0.6666667

[[27]]
          -1         0          1
-1 0.0000000 0.5000000 0.50000000
0  0.1538462 0.7692308 0.07692308
1  0.0000000 0.6666667 0.33333333

[[28]]
          -1         0         1
-1 0.0000000 1.0000000 0.0000000
0  0.1891892 0.6756757 0.1351351
1  0.0000000 0.6250000 0.3750000

[[29]]
           -1         0         1
-1 0.00000000 1.0000000 0.0000000
0  0.05882353 0.8235294 0.1176471
1  1.00000000 0.0000000 0.0000000

[[30]]
          -1         0         1
-1 0.0000000 0.7500000 0.2500000
0  0.4285714 0.4285714 0.1428571
1  0.5000000 0.0000000 0.5000000

[[31]]
       -1         0         1
-1 0.0000 0.6666667 0.3333333
0  0.1875 0.6875000 0.1250000
1  0.0000 1.0000000 0.0000000

[[32]]
          -1         0     1
-1 0.1250000 0.5000000 0.375
0  0.4000000 0.4000000 0.200
1  0.6666667 0.3333333 0.000

[[33]]
          -1         0         1
-1 0.3571429 0.6428571 0.0000000
0  0.3529412 0.2352941 0.4117647
1  0.2857143 0.7142857 0.0000000

[[34]]
           -1         0         1
-1 0.00000000 1.0000000 0.0000000
0  0.04761905 0.7619048 0.1904762
1  0.20000000 0.6000000 0.2000000

[[35]]
           -1         0         1
-1 0.16666667 0.6666667 0.1666667
0  0.10714286 0.5714286 0.3214286
1  0.09090909 0.7272727 0.1818182

[[36]]
           -1         0         1
-1 0.16666667 0.6666667 0.1666667
0  0.13636364 0.4545455 0.4090909
1  0.09090909 0.7272727 0.1818182

[[37]]
      -1     0     1
-1 0.000 0.400 0.600
0  0.500 0.375 0.125
1  0.125 0.250 0.625

[[38]]
     -1   0    1
-1 0.00 0.0 1.00
0  0.25 0.5 0.25
1  0.00 0.5 0.50

[[39]]
           -1         0         1
-1 0.00000000 0.6666667 0.3333333
0  0.16129032 0.4193548 0.4193548
1  0.04347826 0.5652174 0.3913043

[[40]]
           -1         0         1
-1 0.00000000 0.6666667 0.3333333
0  0.15625000 0.4375000 0.4062500
1  0.03846154 0.5384615 0.4230769

[[41]]
          -1         0         1
-1 0.0000000 0.8000000 0.2000000
0  0.1428571 0.6190476 0.2380952
1  0.2000000 0.4000000 0.4000000

[[42]]
           -1         0         1
-1 0.00000000 0.0000000 1.0000000
0  0.00000000 0.6363636 0.3636364
1  0.08333333 0.4166667 0.5000000

[[43]]
           -1         0         1
-1 0.00000000 0.0000000 1.0000000
0  0.00000000 0.4000000 0.6000000
1  0.09090909 0.3636364 0.5454545

[[44]]
           -1         0   1
-1 0.00000000 1.0000000 0.0
0  0.06666667 0.7333333 0.2
1  0.00000000 1.0000000 0.0

[[45]]
           -1         0   1
-1 0.00000000 1.0000000 0.0
0  0.06666667 0.7333333 0.2
1  0.00000000 1.0000000 0.0

[[46]]
           -1         0          1
-1 0.33333333 0.6666667 0.00000000
0  0.06666667 0.9000000 0.03333333
1  0.00000000 0.5000000 0.50000000

[[47]]
           -1         0         1
-1 0.40000000 0.6000000 0.0000000
0  0.08695652 0.6956522 0.2173913
1  0.10000000 0.5000000 0.4000000

[[48]]
           -1         0         1
-1 0.40000000 0.6000000 0.0000000
0  0.09523810 0.6666667 0.2380952
1  0.08333333 0.4166667 0.5000000

[[49]]
          -1         0         1
-1 0.0000000 0.0000000 1.0000000
0  0.1333333 0.6666667 0.2000000
1  0.0000000 0.4285714 0.5714286

[[50]]
    -1         0         1
-1 0.0 0.0000000 1.0000000
0  0.2 0.0000000 0.8000000
1  0.0 0.4615385 0.5384615

[[51]]
    -1   0   1
-1 0.5 0.5 0.0
0  0.0 0.5 0.5
1  0.0 0.5 0.5

[[52]]
    -1   0   1
-1 0.7 0.2 0.1
0  0.5 0.5 0.0
1  0.0 0.2 0.8

[[53]]
    -1   0   1
-1 0.7 0.2 0.1
0  0.5 0.5 0.0
1  0.0 0.2 0.8

[[54]]
           -1         0
-1 0.00000000 1.0000000
0  0.08333333 0.9166667

[[55]]
           -1         0         1
-1 0.00000000 1.0000000 0.0000000
0  0.03846154 0.8076923 0.1538462
1  0.00000000 0.5714286 0.4285714

[[56]]
          -1         0         1
-1 0.2500000 0.7500000 0.0000000
0  0.2307692 0.5384615 0.2307692
1  0.0000000 0.3333333 0.6666667

[[57]]
          -1         0         1
-1 0.2500000 0.7500000 0.0000000
0  0.2307692 0.5384615 0.2307692
1  0.0000000 0.3333333 0.6666667

[[58]]
          -1         0         1
-1 0.0000000 1.0000000 0.0000000
0  0.0952381 0.7619048 0.1428571
1  0.0000000 0.7500000 0.2500000

[[59]]
           -1         0         1
-1 0.00000000 1.0000000 0.0000000
0  0.05263158 0.8421053 0.1052632
1  0.00000000 0.7500000 0.2500000

[[60]]
          0         1
0 0.2500000 0.7500000
1 0.3333333 0.6666667

[[61]]
          0         1
0 0.5000000 0.5000000
1 0.1333333 0.8666667

[[62]]
      -1      0      1
-1 0.000 1.0000 0.0000
0  0.000 0.2500 0.7500
1  0.125 0.1875 0.6875

[[63]]
     -1         0         1
-1 0.50 0.5000000 0.0000000
0  0.04 0.7600000 0.2000000
1  0.00 0.4166667 0.5833333

[[64]]
          -1   0         1
-1 0.0000000 0.0 1.0000000
0  0.5000000 0.5 0.0000000
1  0.3333333 0.0 0.6666667

[[65]]
          0         1
0 0.0000000 1.0000000
1 0.3636364 0.6363636

[[66]]
          -1         0         1
-1 0.0000000 0.5000000 0.5000000
0  0.0000000 0.6190476 0.3809524
1  0.1538462 0.5384615 0.3076923

[[67]]
          -1         0         1
-1 0.3333333 0.5000000 0.1666667
0  0.2142857 0.2142857 0.5714286
1  0.0625000 0.5000000 0.4375000

[[68]]
           -1         0         1
-1 0.40000000 0.6000000 0.0000000
0  0.07142857 0.4285714 0.5000000
1  0.10526316 0.6315789 0.2631579

[[69]]
    -1         0         1
-1 0.0 1.0000000 0.0000000
0  0.1 0.8000000 0.1000000
1  0.0 0.4285714 0.5714286

[[70]]
          -1         0         1
-1 0.2500000 0.5000000 0.2500000
0  0.1818182 0.3636364 0.4545455
1  0.1666667 0.6666667 0.1666667

[[71]]
           -1         0         1
-1 0.20000000 0.6000000 0.2000000
0  0.07142857 0.6428571 0.2857143
1  0.50000000 0.5000000 0.0000000

[[72]]
    -1   0   1
-1 0.5 0.5 0.0
0  0.1 0.6 0.3
1  0.4 0.4 0.2

[[73]]
          -1         0
-1 0.3333333 0.6666667
0  0.4615385 0.5384615

[[74]]
          -1         0         1
-1 0.2222222 0.7777778 0.0000000
0  0.3157895 0.5263158 0.1578947
1  0.2000000 0.6000000 0.2000000

[[75]]
           -1         0         1
-1 0.00000000 0.3333333 0.6666667
0  0.06666667 0.6666667 0.2666667
1  0.28571429 0.5714286 0.1428571

[[76]]
          -1         0         1
-1 0.3333333 0.3333333 0.3333333
0  0.1500000 0.6000000 0.2500000
1  0.1250000 0.8750000 0.0000000

[[77]]
           -1         0         1
-1 0.00000000 1.0000000 0.0000000
0  0.09090909 0.7272727 0.1818182
1  0.00000000 0.3333333 0.6666667

[[78]]
          -1         0         1
-1 0.0000000 1.0000000 0.0000000
0  0.1818182 0.5454545 0.2727273
1  0.0000000 0.2727273 0.7272727

[[79]]
          -1         0          1
-1 0.0000000 1.0000000 0.00000000
0  0.0000000 0.1428571 0.85714286
1  0.1111111 0.8333333 0.05555556

[[80]]
           -1         0         1
-1 0.25000000 0.2500000 0.5000000
0  0.11764706 0.6470588 0.2352941
1  0.06666667 0.3333333 0.6000000

[[81]]
          -1         0         1
-1 0.0000000 0.3333333 0.6666667
0  0.1666667 0.5000000 0.3333333
1  0.0000000 0.5000000 0.5000000

[[82]]
          -1 0         1
-1 0.0000000 1 0.0000000
0  0.3333333 0 0.6666667
1  0.0000000 1 0.0000000

[[83]]
     -1         0         1
-1 0.00 1.0000000 0.0000000
0  0.04 0.6800000 0.2800000
1  0.00 0.6666667 0.3333333

[[84]]
           -1         0         1
-1 0.33333333 0.6666667 0.0000000
0  0.06896552 0.4827586 0.4482759
1  0.00000000 0.8571429 0.1428571

[[85]]
           -1         0         1
-1 0.00000000 1.0000000 0.0000000
0  0.03846154 0.6153846 0.3461538
1  0.00000000 0.8888889 0.1111111

[[86]]
          -1         0         1
-1 0.0000000 0.5000000 0.5000000
0  0.1428571 0.7142857 0.1428571
1  0.5000000 0.5000000 0.0000000

[[87]]
          -1         0         1
-1 0.0000000 1.0000000 0.0000000
0  0.1538462 0.6923077 0.1538462
1  0.0000000 1.0000000 0.0000000

[[88]]
          -1    0         1
-1 0.3750000 0.50 0.1250000
0  0.7500000 0.25 0.0000000
1  0.6666667 0.00 0.3333333

[[89]]
    -1   0   1
-1 0.5 0.5 0.0
0  0.2 0.6 0.2
1  0.0 0.5 0.5

[[90]]
          -1         0         1
-1 0.3333333 0.6666667 0.0000000
0  0.0000000 0.5714286 0.4285714
1  0.1250000 0.6250000 0.2500000

[[91]]
    -1         0         1
-1 0.0 0.5000000 0.5000000
0  0.2 0.4666667 0.3333333
1  0.0 0.8571429 0.1428571

[[92]]
   -1         0         1
-1  0 0.0000000 1.0000000
0   0 0.5000000 0.5000000
1   0 0.6666667 0.3333333

[[93]]
           -1         0         1
-1 0.33333333 0.3333333 0.3333333
0  0.05555556 0.8333333 0.1111111
1  0.00000000 1.0000000 0.0000000

[[94]]
           -1         0         1
-1 0.33333333 0.0000000 0.6666667
0  0.00000000 0.0000000 1.0000000
1  0.09090909 0.5454545 0.3636364

[[95]]
          -1         0         1
-1 0.3750000 0.5000000 0.1250000
0  0.2307692 0.4615385 0.3076923
1  0.1666667 0.5000000 0.3333333

[[96]]
          -1         0         1
-1 0.0000000 1.0000000 0.0000000
0  0.1764706 0.6470588 0.1764706
1  0.0000000 0.6000000 0.4000000

[[97]]
          -1         0         1
-1 0.1111111 0.7777778 0.1111111
0  0.8000000 0.2000000 0.0000000
1  0.0000000 0.2857143 0.7142857

[[98]]
     -1   0    1
-1 0.00 1.0 0.00
0  0.25 0.5 0.25
1  0.50 0.5 0.00

[[99]]
           -1         0         1
-1 0.00000000 1.0000000 0.0000000
0  0.09090909 0.6363636 0.2727273
1  0.00000000 0.4000000 0.6000000

[[100]]
    0   1
0 0.4 0.6
1 0.2 0.8

[[101]]
          -1   0         1
-1 0.0000000 0.0 1.0000000
0  0.3333333 0.0 0.6666667
1  0.0000000 0.3 0.7000000

[[102]]
          0         1
0 0.8695652 0.1304348
1 1.0000000 0.0000000

[[103]]
           -1         0         1
-1 0.33333333 0.3333333 0.3333333
0  0.04761905 0.7142857 0.2380952
1  0.11111111 0.5555556 0.3333333

[[104]]
     -1   0    1
-1 0.00 0.0 1.00
0  1.00 0.0 0.00
1  0.25 0.5 0.25

[[105]]
      -1     0    1
-1 0.000 0.000 1.00
0  0.125 0.625 0.25
1  0.375 0.375 0.25

[[106]]
          -1         0         1
-1 0.0000000 0.7500000 0.2500000
0  0.2222222 0.6666667 0.1111111
1  0.4000000 0.0000000 0.6000000

[[107]]
           -1         0         1
-1 0.40000000 0.6000000 0.0000000
0  0.05555556 0.7222222 0.2222222
1  0.20000000 0.6000000 0.2000000

[[108]]
          0         1
0 0.8125000 0.1875000
1 0.5714286 0.4285714

[[109]]
          -1         0         1
-1 0.0000000 1.0000000 0.0000000
0  0.2666667 0.3333333 0.4000000
1  0.1818182 0.2727273 0.5454545

[[110]]
          -1         0         1
-1 0.6000000 0.4000000 0.0000000
0  0.1176471 0.4117647 0.4705882
1  0.0000000 0.6666667 0.3333333

[[111]]
          -1         0         1
-1 0.0000000 0.7500000 0.2500000
0  0.0937500 0.7500000 0.1562500
1  0.1666667 0.6666667 0.1666667

[[112]]
          -1         0    1
-1 0.6666667 0.3333333 0.00
0  0.1666667 0.5833333 0.25
1  0.0000000 0.5000000 0.50

[[113]]
          -1         0         1
-1 0.6666667 0.3333333 0.0000000
0  0.1176471 0.5294118 0.3529412
1  0.0000000 0.6363636 0.3636364

[[114]]
      -1         0         1
-1 0.400 0.6000000 0.0000000
0  0.125 0.5625000 0.3125000
1  0.000 0.5714286 0.4285714

[[115]]
          -1         0         1
-1 0.4210526 0.3684211 0.2105263
0  0.3750000 0.3750000 0.2500000
1  0.4444444 0.3333333 0.2222222

[[116]]
          -1         0         1
-1 0.0000000 0.7777778 0.2222222
0  0.3157895 0.2105263 0.4736842
1  0.2307692 0.5384615 0.2307692

[[117]]
    -1         0         1
-1 0.0 0.6666667 0.3333333
0  0.5 0.2500000 0.2500000
1  0.5 0.2500000 0.2500000

[[118]]
           -1         0         1
-1 0.50000000 0.2500000 0.2500000
0  0.16666667 0.5000000 0.3333333
1  0.05555556 0.1111111 0.8333333

[[119]]
          0         1
0 0.5714286 0.4285714
1 0.2631579 0.7368421

[[120]]
          -1         0         1
-1 0.4285714 0.5714286 0.0000000
0  0.2000000 0.3333333 0.4666667
1  0.0625000 0.3125000 0.6250000

[[121]]
           -1         0         1
-1 0.00000000 1.0000000 0.0000000
0  0.08333333 0.6250000 0.2916667
1  0.11111111 0.6666667 0.2222222

[[122]]
           -1         0         1
-1 0.00000000 1.0000000 0.0000000
0  0.08695652 0.6086957 0.3043478
1  0.11111111 0.6666667 0.2222222

[[123]]
           -1         0          1
-1 0.09090909 0.2727273 0.63636364
0  0.30303030 0.6363636 0.06060606
1  0.00000000 0.9000000 0.10000000

[[124]]
           -1         0          1
-1 0.09090909 0.2727273 0.63636364
0  0.30303030 0.6363636 0.06060606
1  0.00000000 0.9000000 0.10000000

[[125]]
          -1         0         1
-1 0.5000000 0.5000000 0.0000000
0  0.0000000 0.6363636 0.3636364
1  0.1428571 0.4285714 0.4285714

[[126]]
    -1    0    1
-1 0.0 1.00 0.00
0  0.0 0.25 0.75
1  0.4 0.20 0.40

[[127]]
           -1         0         1
-1 0.25000000 0.5000000 0.2500000
0  0.04347826 0.6521739 0.3043478
1  0.16666667 0.5000000 0.3333333

