[[1]]
          0         1
0 0.2000000 0.8000000
1 0.1538462 0.8461538

[[2]]
           -1         0         1
-1 0.00000000 0.5000000 0.5000000
0  0.05555556 0.7222222 0.2222222
1  0.00000000 0.8888889 0.1111111

[[3]]
          -1          0          1
-1 0.1818182 0.09090909 0.72727273
0  0.2727273 0.36363636 0.36363636
1  0.4615385 0.46153846 0.07692308

[[4]]
          -1         0         1
-1 0.0000000 1.0000000 0.0000000
0  0.0000000 0.4117647 0.5882353
1  0.1428571 0.5000000 0.3571429

[[5]]
          -1         0         1
-1 0.2857143 0.1428571 0.5714286
0  0.1200000 0.6800000 0.2000000
1  0.2500000 0.7500000 0.0000000

[[6]]
          -1         0         1
-1 0.1666667 0.6666667 0.1666667
0  0.1851852 0.6666667 0.1481481
1  0.0000000 1.0000000 0.0000000

[[7]]
          -1         0         1
-1 0.0000000 1.0000000 0.0000000
0  0.1851852 0.6666667 0.1481481
1  0.0000000 1.0000000 0.0000000

[[8]]
          -1         0         1
-1 0.2857143 0.4285714 0.2857143
0  0.2083333 0.5416667 0.2500000
1  0.0000000 0.4210526 0.5789474

[[9]]
           -1         0         1
-1 0.16666667 0.5000000 0.3333333
0  0.23529412 0.4117647 0.3529412
1  0.07142857 0.5000000 0.4285714

[[10]]
          -1         0         1
-1 0.0000000 0.7500000 0.2500000
0  0.1764706 0.4705882 0.3529412
1  0.0000000 0.7000000 0.3000000

[[11]]
           -1         0         1
-1 0.50000000 0.2500000 0.2500000
0  0.04347826 0.6086957 0.3478261
1  0.06250000 0.5000000 0.4375000

[[12]]
      -1      0      1
-1 0.000 0.9000 0.1000
0  0.450 0.3000 0.2500
1  0.125 0.3125 0.5625

[[13]]
          -1         0         1
-1 0.1000000 0.8000000 0.1000000
0  0.3333333 0.4285714 0.2380952
1  0.1764706 0.2352941 0.5882353

[[14]]
           -1         0         1
-1 0.00000000 0.0000000 1.0000000
0  0.05000000 0.6250000 0.3250000
1  0.03846154 0.5769231 0.3846154

[[15]]
          -1         0         1
-1 0.0000000 0.5000000 0.5000000
0  0.0000000 0.5833333 0.4166667
1  0.3157895 0.1578947 0.5263158

[[16]]
          -1         0         1
-1 0.5714286 0.4285714 0.0000000
0  0.3333333 0.4285714 0.2380952
1  0.4000000 0.4000000 0.2000000

[[17]]
           -1         0         1
-1 0.25000000 0.5000000 0.2500000
0  0.07692308 0.7692308 0.1538462
1  0.40000000 0.0000000 0.6000000

[[18]]
           -1         0         1
-1 0.00000000 0.3333333 0.6666667
0  0.11111111 0.3333333 0.5555556
1  0.09090909 0.5454545 0.3636364

[[19]]
          -1         0         1
-1 0.0000000 0.6666667 0.3333333
0  0.3181818 0.4090909 0.2727273
1  0.1333333 0.4666667 0.4000000

[[20]]
           -1         0         1
-1 0.00000000 0.0000000 1.0000000
0  0.00000000 0.4117647 0.5882353
1  0.04347826 0.4782609 0.4782609

[[21]]
   -1         0         1
-1  0 1.0000000 0.0000000
0   0 0.5454545 0.4545455
1   0 0.5714286 0.4285714

[[22]]
          -1         0         1
-1 0.0000000 0.5000000 0.5000000
0  0.0000000 0.6111111 0.3888889
1  0.3157895 0.2105263 0.4736842

[[23]]
          -1         0         1
-1 0.0000000 1.0000000 0.0000000
0  0.0000000 0.5925926 0.4074074
1  0.1333333 0.5333333 0.3333333

[[24]]
       -1         0          1
-1 0.4000 0.2000000 0.40000000
0  0.0625 0.7708333 0.16666667
1  0.0000 0.9166667 0.08333333

[[25]]
     -1   0    1
-1 0.20 0.2 0.60
0  0.12 0.8 0.08
1  0.10 0.5 0.40

[[26]]
          -1         0         1
-1 0.0000000 0.8571429 0.1428571
0  0.2142857 0.6785714 0.1071429
1  0.0000000 0.8000000 0.2000000

[[27]]
     -1         0         1
-1 0.25 0.7500000 0.0000000
0  0.00 0.6666667 0.3333333
1  0.75 0.0000000 0.2500000

[[28]]
           -1         0         1
-1 0.00000000 0.5000000 0.5000000
0  0.05263158 0.7894737 0.1578947
1  0.00000000 0.5000000 0.5000000

[[29]]
           -1         0         1
-1 0.00000000 0.1666667 0.8333333
0  0.03030303 0.5454545 0.4242424
1  0.20000000 0.5200000 0.2800000

[[30]]
         -1         0         1
-1 0.000000 1.0000000 0.0000000
0  0.137931 0.5517241 0.3103448
1  0.000000 0.4444444 0.5555556

[[31]]
          -1         0         1
-1 0.0000000 0.7142857 0.2857143
0  0.2857143 0.3333333 0.3809524
1  0.1000000 0.4500000 0.4500000

[[32]]
  1
1 0

