[[1]]
           -1         0         1
-1 0.00000000 1.0000000 0.0000000
0  0.02222222 0.8000000 0.1777778
1  0.11111111 0.8888889 0.0000000

[[2]]
          -1         0         1
-1 0.6666667 0.0000000 0.3333333
0  0.0000000 0.7647059 0.2352941
1  0.0000000 1.0000000 0.0000000

[[3]]
           -1         0         1
-1 0.33333333 0.6666667 0.0000000
0  0.05555556 0.6111111 0.3333333
1  0.00000000 0.8571429 0.1428571

[[4]]
           -1         0         1
-1 0.36363636 0.4090909 0.2272727
0  0.38235294 0.3823529 0.2352941
1  0.03846154 0.4615385 0.5000000

[[5]]
          -1         0          1
-1 0.0000000 0.7000000 0.30000000
0  0.2800000 0.4400000 0.28000000
1  0.2727273 0.6363636 0.09090909

[[6]]
    -1         0         1
-1 0.0 0.5714286 0.4285714
0  0.2 0.4666667 0.3333333
1  0.5 0.5000000 0.0000000

[[7]]
          -1         0         1
-1 0.0000000 0.3333333 0.6666667
0  0.1200000 0.6800000 0.2000000
1  0.1764706 0.4117647 0.4117647

[[8]]
          -1         0         1
-1 0.1428571 0.2857143 0.5714286
0  0.1000000 0.6000000 0.3000000
1  0.2857143 0.4285714 0.2857143

[[9]]
          -1         0         1
-1 0.1428571 0.2857143 0.5714286
0  0.1000000 0.6000000 0.3000000
1  0.2857143 0.4285714 0.2857143

[[10]]
       -1      0    1
-1 0.0625 0.1875 0.75
0  0.1750 0.6750 0.15
1  0.2800 0.4400 0.28

[[11]]
          -1         0          1
-1 0.4545455 0.4545455 0.09090909
0  0.4000000 0.5333333 0.06666667
1  0.3333333 0.6666667 0.00000000

[[12]]
       -1    0      1
-1 0.2500 0.75 0.0000
0  0.1250 0.25 0.6250
1  0.0625 0.50 0.4375

[[13]]
          -1         0         1
-1 0.1666667 0.6666667 0.1666667
0  0.1000000 0.5500000 0.3500000
1  0.2222222 0.6666667 0.1111111

[[14]]
          -1         0          1
-1 0.0000000 0.8571429 0.14285714
0  0.2352941 0.7058824 0.05882353
1  0.5000000 0.0000000 0.50000000

[[15]]
          -1         0          1
-1 0.0000000 0.8571429 0.14285714
0  0.2857143 0.6428571 0.07142857
1  0.5000000 0.0000000 0.50000000

[[16]]
           -1         0         1
-1 0.00000000 1.0000000 0.0000000
0  0.00000000 0.4583333 0.5416667
1  0.06666667 0.7333333 0.2000000

[[17]]
          -1         0         1
-1 0.0000000 0.5000000 0.5000000
0  0.1666667 0.2500000 0.5833333
1  0.0000000 0.4666667 0.5333333

[[18]]
          -1         0         1
-1 0.2222222 0.5555556 0.2222222
0  0.2666667 0.6000000 0.1333333
1  0.4285714 0.1428571 0.4285714

[[19]]
          -1         0          1
-1 0.2857143 0.5714286 0.14285714
0  0.3636364 0.5454545 0.09090909
1  0.2500000 0.2500000 0.50000000

[[20]]
          -1         0         1
-1 0.3333333 0.3333333 0.3333333
0  0.2413793 0.6206897 0.1379310
1  0.2352941 0.2941176 0.4705882

[[21]]
          -1         0         1
-1 0.1818182 0.8181818 0.0000000
0  0.3333333 0.4761905 0.1904762
1  0.3333333 0.3333333 0.3333333

[[22]]
          -1         0         1
-1 0.2777778 0.4444444 0.2777778
0  0.2647059 0.5882353 0.1470588
1  0.2105263 0.3157895 0.4736842

[[23]]
      -1      0      1
-1 0.375 0.6250 0.0000
0  0.250 0.6875 0.0625
1  1.000 0.0000 0.0000

[[24]]
           -1         0         1
-1 0.33333333 0.3333333 0.3333333
0  0.09090909 0.1818182 0.7272727
1  0.04166667 0.3333333 0.6250000

[[25]]
           -1         0         1
-1 0.20000000 0.4000000 0.4000000
0  0.04761905 0.4285714 0.5238095
1  0.18750000 0.6875000 0.1250000

[[26]]
      -1     0    1
-1 0.000 0.000 1.00
0  0.125 0.125 0.75
1  0.200 0.350 0.45

[[27]]
          -1         0         1
-1 0.0000000 0.7142857 0.2857143
0  0.0000000 0.5263158 0.4736842
1  0.3333333 0.2777778 0.3888889

[[28]]
           -1         0         1
-1 0.33333333 0.3333333 0.3333333
0  0.05555556 0.4444444 0.5000000
1  0.18750000 0.5000000 0.3125000

[[29]]
           -1         0         1
-1 0.12500000 0.6250000 0.2500000
0  0.07692308 0.3846154 0.5384615
1  0.77777778 0.2222222 0.0000000

[[30]]
          -1         0         1
-1 0.2000000 0.8000000 0.0000000
0  0.1538462 0.4615385 0.3846154
1  0.0000000 0.7500000 0.2500000

[[31]]
          -1         0         1
-1 0.2857143 0.1428571 0.5714286
0  0.0000000 0.2500000 0.7500000
1  0.4166667 0.1666667 0.4166667

[[32]]
          -1         0         1
-1 0.1333333 0.4000000 0.4666667
0  0.1428571 0.7380952 0.1190476
1  0.2800000 0.2000000 0.5200000

[[33]]
          -1         0         1
-1 0.1111111 0.5555556 0.3333333
0  0.2173913 0.6086957 0.1739130
1  0.1764706 0.2352941 0.5882353

[[34]]
           -1         0         1
-1 0.00000000 0.5000000 0.5000000
0  0.05405405 0.4594595 0.4864865
1  0.00000000 0.5277778 0.4722222

[[35]]
          -1         0          1
-1 0.2857143 0.2857143 0.42857143
0  0.1818182 0.7500000 0.06818182
1  0.1666667 0.5833333 0.25000000

[[36]]
           -1         0         1
-1 0.00000000 0.5000000 0.5000000
0  0.00000000 0.6666667 0.3333333
1  0.08333333 0.4166667 0.5000000

[[37]]
    -1    0    1
-1 0.0 1.00 0.00
0  0.1 0.85 0.05
1  0.0 1.00 0.00

[[38]]
          -1         0         1
-1 0.2000000 0.6000000 0.2000000
0  0.2608696 0.6086957 0.1304348
1  0.2500000 0.7500000 0.0000000

[[39]]
          -1         0         1
-1 0.1428571 0.2857143 0.5714286
0  0.3000000 0.0000000 0.7000000
1  0.1764706 0.5294118 0.2941176

[[40]]
           -1          0         1
-1 0.41666667 0.25000000 0.3333333
0  0.07692308 0.61538462 0.3076923
1  0.53846154 0.07692308 0.3846154

[[41]]
       -1     0      1
-1 0.1000 0.600 0.3000
0  0.1875 0.375 0.4375
1  0.6000 0.300 0.1000

[[42]]
           -1         0         1
-1 0.16666667 0.1666667 0.6666667
0  0.22222222 0.3333333 0.4444444
1  0.06896552 0.1724138 0.7586207

[[43]]
          -1         0         1
-1 0.0000000 0.5000000 0.5000000
0  0.0000000 0.4000000 0.6000000
1  0.2857143 0.2857143 0.4285714

[[44]]
          -1         0         1
-1 0.5000000 0.0000000 0.5000000
0  0.0000000 0.7500000 0.2500000
1  0.1428571 0.2857143 0.5714286

[[45]]
     -1         0          1
-1 0.00 0.6000000 0.40000000
0  0.25 0.5357143 0.21428571
1  0.25 0.6666667 0.08333333

[[46]]
           -1     0         1
-1 0.00000000 0.000 1.0000000
0  0.04166667 0.500 0.4583333
1  0.05000000 0.275 0.6750000

[[47]]
          -1         0          1
-1 0.0000000 0.3333333 0.66666667
0  0.5454545 0.3636364 0.09090909
1  0.2857143 0.7142857 0.00000000

[[48]]
          -1         0         1
-1 0.2941176 0.4705882 0.2352941
0  0.5333333 0.3333333 0.1333333
1  0.7142857 0.2857143 0.0000000

[[49]]
           -1         0         1
-1 0.00000000 0.6666667 0.3333333
0  0.04761905 0.5238095 0.4285714
1  0.08695652 0.3478261 0.5652174

[[50]]
           -1         0         1
-1 0.00000000 0.6666667 0.3333333
0  0.04761905 0.5238095 0.4285714
1  0.08695652 0.3478261 0.5652174

[[51]]
           -1         0          1
-1 0.07142857 0.9285714 0.00000000
0  0.41935484 0.5161290 0.06451613
1  0.00000000 1.0000000 0.00000000

[[52]]
          -1         0         1
-1 0.3333333 0.5555556 0.1111111
0  0.2000000 0.4000000 0.4000000
1  0.0000000 0.8000000 0.2000000

[[53]]
          -1         0          1
-1 0.0000000 0.8000000 0.20000000
0  0.2857143 0.6666667 0.04761905
1  0.0000000 0.7500000 0.25000000

[[54]]
          -1         0         1
-1 0.3571429 0.2857143 0.3571429
0  0.0000000 0.3529412 0.6470588
1  0.4500000 0.3500000 0.2000000

[[55]]
           -1         0         1
-1 0.20000000 0.4000000 0.4000000
0  0.14285714 0.7142857 0.1428571
1  0.08333333 0.4166667 0.5000000

[[56]]
          -1         0         1
-1 0.4615385 0.5384615 0.0000000
0  0.7777778 0.1111111 0.1111111
1  1.0000000 0.0000000 0.0000000

[[57]]
           -1         0         1
-1 0.14285714 0.5714286 0.2857143
0  0.08695652 0.3913043 0.5217391
1  0.12121212 0.2727273 0.6060606

[[58]]
           -1         0         1
-1 0.00000000 0.3333333 0.6666667
0  0.14285714 0.2142857 0.6428571
1  0.06666667 0.6000000 0.3333333

[[59]]
           -1         0         1
-1 0.25000000 0.2500000 0.5000000
0  0.13333333 0.3333333 0.5333333
1  0.07692308 0.6923077 0.2307692

[[60]]
           -1         0         1
-1 0.00000000 0.3333333 0.6666667
0  0.16666667 0.2500000 0.5833333
1  0.07142857 0.5000000 0.4285714

[[61]]
       -1         0         1
-1 0.2000 0.6000000 0.2000000
0  0.1875 0.5625000 0.2500000
1  0.0000 0.5555556 0.4444444

[[62]]
          -1         0         1
-1 0.4000000 0.4000000 0.2000000
0  0.1562500 0.6562500 0.1875000
1  0.5384615 0.2307692 0.2307692

[[63]]
          -1   0         1
-1 0.1666667 0.5 0.3333333
0  0.5000000 0.4 0.1000000
1  0.2500000 0.5 0.2500000

[[64]]
          -1         0         1
-1 0.4285714 0.2857143 0.2857143
0  0.1739130 0.6086957 0.2173913
1  0.0000000 0.7000000 0.3000000

[[65]]
          -1         0         1
-1 0.4545455 0.3636364 0.1818182
0  0.1562500 0.5625000 0.2812500
1  0.1818182 0.8181818 0.0000000

[[66]]
           -1         0         1
-1 0.00000000 0.3333333 0.6666667
0  0.10526316 0.5789474 0.3157895
1  0.05555556 0.3888889 0.5555556

[[67]]
     -1    0   1
-1 0.20 0.50 0.3
0  0.15 0.45 0.4
1  0.40 0.60 0.0

[[68]]
           -1         0    1
-1 0.00000000 1.0000000 0.00
0  0.03571429 0.4642857 0.50
1  0.00000000 0.5200000 0.48

[[69]]
           -1        0         1
-1 0.12500000 0.625000 0.2500000
0  0.04651163 0.744186 0.2093023
1  0.25000000 0.437500 0.3125000

[[70]]
          -1         0    1
-1 0.0000000 0.0000000 1.00
0  0.2500000 0.7000000 0.05
1  0.1666667 0.8333333 0.00

[[71]]
          -1         0         1
-1 0.5294118 0.3529412 0.1176471
0  0.1176471 0.3529412 0.5294118
1  0.3571429 0.4285714 0.2142857

[[72]]
           -1         0         1
-1 0.40000000 0.5000000 0.1000000
0  0.07692308 0.3076923 0.6153846
1  0.45454545 0.3636364 0.1818182

[[73]]
           -1         0         1
-1 0.00000000 0.0000000 1.0000000
0  0.09090909 0.4545455 0.4545455
1  0.00000000 0.4000000 0.6000000

[[74]]
           -1         0         1
-1 0.16666667 0.8333333 0.0000000
0  0.07407407 0.7037037 0.2222222
1  0.30000000 0.4000000 0.3000000

[[75]]
          -1         0         1
-1 0.1000000 0.6000000 0.3000000
0  0.3846154 0.4615385 0.1538462
1  0.4285714 0.2857143 0.2857143

[[76]]
   -1         0         1
-1  0 1.0000000 0.0000000
0   0 0.3333333 0.6666667
1   0 0.6666667 0.3333333

[[77]]
     -1    0   1
-1 0.25 0.25 0.5
0  0.10 0.70 0.2
1  0.10 0.50 0.4

[[78]]
          -1          0         1
-1 0.1666667 0.08333333 0.7500000
0  0.4705882 0.35294118 0.1764706
1  0.1250000 0.56250000 0.3125000

[[79]]
          -1         0         1
-1 0.3000000 0.6000000 0.1000000
0  0.3333333 0.5555556 0.1111111
1  0.2000000 0.4000000 0.4000000

[[80]]
          -1         0         1
-1 0.0000000 0.8571429 0.1428571
0  0.5555556 0.2222222 0.2222222
1  0.4000000 0.2000000 0.4000000

[[81]]
           -1         0         1
-1 0.00000000 0.0000000 1.0000000
0  0.16666667 0.4166667 0.4166667
1  0.08333333 0.6666667 0.2500000

[[82]]
           -1         0         1
-1 0.00000000 0.7500000 0.2500000
0  0.20000000 0.6000000 0.2000000
1  0.09090909 0.4545455 0.4545455

[[83]]
          -1         0         1
-1 0.0625000 0.8125000 0.1250000
0  0.6111111 0.1666667 0.2222222
1  0.6000000 0.4000000 0.0000000

[[84]]
          -1   0          1
-1 0.3333333 0.6 0.06666667
0  0.6000000 0.1 0.30000000
1  0.6000000 0.0 0.40000000

[[85]]
          -1         0          1
-1 0.0000000 0.2000000 0.80000000
0  0.2083333 0.7500000 0.04166667
1  0.0000000 0.7142857 0.28571429

[[86]]
          -1         0          1
-1 0.0000000 0.2000000 0.80000000
0  0.2083333 0.7500000 0.04166667
1  0.0000000 0.7142857 0.28571429

[[87]]
           -1         0         1
-1 0.16666667 0.8333333 0.0000000
0  0.08928571 0.7321429 0.1785714
1  0.00000000 0.3333333 0.6666667

[[88]]
           -1         0     1
-1 0.50000000 0.5000000 0.000
0  0.04166667 0.8333333 0.125
1  0.00000000 0.5000000 0.500

[[89]]
           -1         0         1
-1 0.33333333 0.6666667 0.0000000
0  0.15000000 0.5000000 0.3500000
1  0.07692308 0.4615385 0.4615385

[[90]]
           -1         0         1
-1 0.20000000 0.8000000 0.0000000
0  0.03846154 0.6923077 0.2692308
1  0.30000000 0.4000000 0.3000000

[[91]]
           -1         0         1
-1 0.14285714 0.7142857 0.1428571
0  0.02439024 0.8048780 0.1707317
1  0.41666667 0.3333333 0.2500000

[[92]]
          -1         0         1
-1 0.0000000 0.2857143 0.7142857
0  0.1333333 0.4666667 0.4000000
1  0.2105263 0.3684211 0.4210526

[[93]]
          -1         0         1
-1 0.0000000 1.0000000 0.0000000
0  0.1739130 0.4347826 0.3913043
1  0.1176471 0.4705882 0.4117647

[[94]]
          -1         0          1
-1 0.1666667 0.5000000 0.33333333
0  0.1111111 0.8055556 0.08333333
1  0.0000000 0.8333333 0.16666667

[[95]]
     -1         0         1
-1 0.00 0.3333333 0.6666667
0  0.40 0.4000000 0.2000000
1  0.25 0.5000000 0.2500000

[[96]]
    -1         0         1
-1 0.0 0.5000000 0.5000000
0  0.0 0.4210526 0.5789474
1  0.1 0.5000000 0.4000000

[[97]]
           -1         0         1
-1 0.00000000 0.5000000 0.5000000
0  0.07692308 0.4615385 0.4615385
1  0.11111111 0.6666667 0.2222222

[[98]]
          -1         0         1
-1 0.0000000 1.0000000 0.0000000
0  0.2142857 0.5000000 0.2857143
1  0.1428571 0.2857143 0.5714286

[[99]]
          -1         0         1
-1 0.4285714 0.4285714 0.1428571
0  0.1176471 0.4117647 0.4705882
1  0.1538462 0.5384615 0.3076923

[[100]]
           -1         0         1
-1 0.42857143 0.4285714 0.1428571
0  0.09090909 0.5454545 0.3636364
1  0.15384615 0.5384615 0.3076923

[[101]]
           -1         0         1
-1 0.00000000 0.7500000 0.2500000
0  0.09090909 0.6060606 0.3030303
1  0.10000000 0.9000000 0.0000000

