[[1]]
          -1         0         1
-1 0.1000000 0.8000000 0.1000000
0  0.2692308 0.3846154 0.3461538
1  0.1111111 0.4444444 0.4444444

[[2]]
           -1         0         1
-1 0.00000000 0.7500000 0.2500000
0  0.24137931 0.4827586 0.2758621
1  0.06666667 0.5333333 0.4000000

[[3]]
           -1         0         1
-1 0.57142857 0.2857143 0.1428571
0  0.13333333 0.5333333 0.3333333
1  0.09090909 0.3636364 0.5454545

[[4]]
           -1         0         1
-1 0.00000000 0.4000000 0.6000000
0  0.08000000 0.4400000 0.4800000
1  0.07142857 0.2857143 0.6428571

[[5]]
           -1         0         1
-1 0.66666667 0.3333333 0.0000000
0  0.04347826 0.8260870 0.1304348
1  0.16666667 0.3333333 0.5000000

[[6]]
           -1         0         1
-1 0.30000000 0.5000000 0.2000000
0  0.18750000 0.5312500 0.2812500
1  0.05555556 0.5555556 0.3888889

[[7]]
       -1         0         1
-1 0.1875 0.3750000 0.4375000
0  0.3750 0.2916667 0.3333333
1  0.2000 0.5000000 0.3000000

[[8]]
           -1   0         1
-1 0.00000000 0.0 1.0000000
0  0.10000000 0.2 0.7000000
1  0.07142857 0.5 0.4285714

[[9]]
        -1       0      1
-1 0.00000 0.00000 1.0000
0  0.03125 0.78125 0.1875
1  0.25000 0.25000 0.5000

[[10]]
           -1         0         1
-1 0.00000000 0.1428571 0.8571429
0  0.03030303 0.7575758 0.2121212
1  0.25000000 0.2500000 0.5000000

[[11]]
        -1       0      1
-1 0.00000 0.00000 1.0000
0  0.03125 0.78125 0.1875
1  0.25000 0.25000 0.5000

[[12]]
          -1         0         1
-1 0.0000000 0.0000000 1.0000000
0  0.0000000 0.6666667 0.3333333
1  0.1666667 0.6666667 0.1666667

[[13]]
    -1     0     1
-1 0.0 0.000 1.000
0  0.0 0.625 0.375
1  0.2 0.800 0.000

[[14]]
    0   1
0 0.7 0.3
1 1.0 0.0

[[15]]
           -1         0         1
-1 0.12500000 0.5000000 0.3750000
0  0.08695652 0.7391304 0.1739130
1  0.20000000 0.5333333 0.2666667

[[16]]
           -1         0         1
-1 0.12500000 0.5000000 0.3750000
0  0.05970149 0.8208955 0.1194030
1  0.20000000 0.5333333 0.2666667

[[17]]
          -1         0         1
-1 0.2000000 0.2000000 0.6000000
0  0.2500000 0.5000000 0.2500000
1  0.1904762 0.1904762 0.6190476

[[18]]
          -1         0         1
-1 0.0000000 0.8000000 0.2000000
0  0.1025641 0.6666667 0.2307692
1  0.0000000 0.5882353 0.4117647

[[19]]
           -1         0         1
-1 0.00000000 0.8000000 0.2000000
0  0.07692308 0.6730769 0.2500000
1  0.00000000 0.6666667 0.3333333

[[20]]
           -1         0         1
-1 0.00000000 1.0000000 0.0000000
0  0.00000000 0.5416667 0.4583333
1  0.02702703 0.5405405 0.4324324

[[21]]
           -1         0         1
-1 0.00000000 1.0000000 0.0000000
0  0.04761905 0.6190476 0.3333333
1  0.06250000 0.8125000 0.1250000

[[22]]
           -1         0         1
-1 0.00000000 0.5000000 0.5000000
0  0.04651163 0.5581395 0.3953488
1  0.05882353 0.5000000 0.4411765

[[23]]
           -1         0         1
-1 0.00000000 0.5000000 0.5000000
0  0.04545455 0.5681818 0.3863636
1  0.05882353 0.5000000 0.4411765

[[24]]
           -1         0         1
-1 0.00000000 0.5000000 0.5000000
0  0.02857143 0.6285714 0.3428571
1  0.02439024 0.3170732 0.6585366

[[25]]
           -1         0         1
-1 0.16666667 0.6666667 0.1666667
0  0.07894737 0.7368421 0.1842105
1  0.05882353 0.3529412 0.5882353

[[26]]
           -1         0         1
-1 0.25000000 0.7500000 0.0000000
0  0.03703704 0.6481481 0.3148148
1  0.05000000 0.8000000 0.1500000

[[27]]
      0     1
0 0.375 0.625
1 0.250 0.750

[[28]]
     -1         0         1
-1 0.00 0.0000000 1.0000000
0  0.00 0.5555556 0.4444444
1  0.05 0.2000000 0.7500000

[[29]]
          -1         0         1
-1 0.0000000 0.8000000 0.2000000
0  0.2857143 0.1428571 0.5714286
1  0.0625000 0.5000000 0.4375000

[[30]]
           -1         0         1
-1 0.44444444 0.0000000 0.5555556
0  0.09090909 0.4545455 0.4545455
1  0.12500000 0.5000000 0.3750000

[[31]]
          -1         0         1
-1 0.1111111 0.5555556 0.3333333
0  0.1111111 0.7500000 0.1388889
1  0.3636364 0.3636364 0.2727273

[[32]]
          -1         0         1
-1 0.2222222 0.4444444 0.3333333
0  0.0625000 0.8333333 0.1041667
1  0.3636364 0.3636364 0.2727273

[[33]]
           -1         0         1
-1 0.22222222 0.4444444 0.3333333
0  0.08888889 0.6222222 0.2888889
1  0.16666667 0.7222222 0.1111111

[[34]]
     -1         0         1
-1 0.00 0.5000000 0.5000000
0  0.00 0.6956522 0.3043478
1  0.15 0.3000000 0.5500000

[[35]]
          -1         0         1
-1 0.1250000 0.6250000 0.2500000
0  0.4285714 0.3571429 0.2142857
1  0.1818182 0.2727273 0.5454545

[[36]]
          -1   0         1
-1 0.1666667 0.5 0.3333333
0  0.5000000 0.0 0.5000000
1  0.4000000 0.1 0.5000000

[[37]]
           -1         0         1
-1 0.00000000 1.0000000 0.0000000
0  0.05769231 0.7884615 0.1538462
1  0.00000000 0.5333333 0.4666667

[[38]]
           -1         0        1
-1 0.00000000 1.0000000 0.000000
0  0.02439024 0.7804878 0.195122
1  0.00000000 0.5000000 0.500000

[[39]]
           -1         0         1
-1 0.36363636 0.0000000 0.6363636
0  0.05555556 0.6111111 0.3333333
1  0.17142857 0.2285714 0.6000000

[[40]]
           -1         0         1
-1 0.00000000 0.7777778 0.2222222
0  0.19444444 0.5833333 0.2222222
1  0.06666667 0.2666667 0.6666667

[[41]]
           -1         0         1
-1 0.00000000 0.7500000 0.2500000
0  0.05263158 0.4210526 0.5263158
1  0.11538462 0.2692308 0.6153846

[[42]]
           -1         0         1
-1 0.00000000 0.6666667 0.3333333
0  0.13333333 0.5666667 0.3000000
1  0.07142857 0.2857143 0.6428571

[[43]]
           -1         0         1
-1 0.00000000 0.6666667 0.3333333
0  0.13333333 0.5666667 0.3000000
1  0.07142857 0.2857143 0.6428571

[[44]]
          -1         0          1
-1 0.6666667 0.0000000 0.33333333
0  0.0500000 0.9166667 0.03333333
1  0.0000000 0.8333333 0.16666667

[[45]]
          -1         0          1
-1 0.0000000 0.7500000 0.25000000
0  0.0754717 0.8867925 0.03773585
1  0.0000000 1.0000000 0.00000000

[[46]]
          -1          0         1
-1 0.5714286 0.07142857 0.3571429
0  0.4000000 0.60000000 0.0000000
1  0.1875000 0.06250000 0.7500000

[[47]]
          -1         0         1
-1 0.0000000 1.0000000 0.0000000
0  0.2857143 0.5238095 0.1904762
1  0.4285714 0.1428571 0.4285714

[[48]]
           -1         0          1
-1 0.33333333 0.0000000 0.66666667
0  0.03076923 0.9384615 0.03076923
1  0.00000000 0.6666667 0.33333333

[[49]]
          -1          0         1
-1 0.5454545 0.09090909 0.3636364
0  0.0500000 0.55000000 0.4000000
1  0.1020408 0.16326531 0.7346939

[[50]]
          -1         0    1
-1 0.1666667 0.5833333 0.25
0  0.2400000 0.5600000 0.20
1  0.3333333 0.4166667 0.25

[[51]]
          -1         0         1
-1 0.1666667 0.5833333 0.2500000
0  0.2500000 0.5416667 0.2083333
1  0.3333333 0.4166667 0.2500000

[[52]]
           -1         0         1
-1 0.33333333 0.6666667 0.0000000
0  0.09090909 0.4545455 0.4545455
1  0.00000000 1.0000000 0.0000000

[[53]]
          -1          0         1
-1 0.5882353 0.41176471 0.0000000
0  0.8000000 0.06666667 0.1333333
1  0.6666667 0.00000000 0.3333333

[[54]]
          -1    0         1
-1 0.7200000 0.28 0.0000000
0  0.8571429 0.00 0.1428571
1  1.0000000 0.00 0.0000000

[[55]]
          -1         0         1
-1 0.0000000 1.0000000 0.0000000
0  0.1111111 0.5555556 0.3333333
1  0.0000000 0.3333333 0.6666667

[[56]]
          -1         0         1
-1 0.0000000 0.8461538 0.1538462
0  0.2142857 0.6190476 0.1666667
1  0.2666667 0.2666667 0.4666667

[[57]]
          -1         0         1
-1 0.0000000 0.8333333 0.1666667
0  0.2000000 0.6250000 0.1750000
1  0.2666667 0.2666667 0.4666667

[[58]]
           -1         0         1
-1 0.07142857 0.7857143 0.1428571
0  0.23684211 0.5789474 0.1842105
1  0.26666667 0.2666667 0.4666667

[[59]]
          -1         0         1
-1 0.1666667 0.5000000 0.3333333
0  0.1081081 0.6216216 0.2702703
1  0.1500000 0.2000000 0.6500000

[[60]]
           -1         0         1
-1 0.50000000 0.5000000 0.0000000
0  0.05263158 0.4736842 0.4736842
1  0.07692308 0.6153846 0.3076923

[[61]]
     0    1
0 0.00 0.00
1 0.25 0.75

[[62]]
           -1         0         1
-1 0.00000000 0.0000000 0.0000000
0  0.00000000 0.2222222 0.7777778
1  0.08333333 0.5000000 0.4166667

[[63]]
           -1         0          1
-1 0.25000000 0.5000000 0.25000000
0  0.16000000 0.4000000 0.44000000
1  0.07692308 0.8461538 0.07692308

[[64]]
          -1         0         1
-1 0.0000000 0.0000000 1.0000000
0  0.3333333 0.3333333 0.3333333
1  0.0000000 0.2500000 0.7500000

[[65]]
      -1         0         1
-1 0.000 0.0000000 1.0000000
0  0.400 0.2000000 0.4000000
1  0.125 0.1666667 0.7083333

[[66]]
           -1         0         1
-1 0.00000000 0.4000000 0.6000000
0  0.07692308 0.5128205 0.4102564
1  0.04545455 0.3636364 0.5909091

[[67]]
           -1         0         1
-1 0.00000000 1.0000000 0.0000000
0  0.05714286 0.6285714 0.3142857
1  0.14285714 0.4285714 0.4285714

[[68]]
          -1         0         1
-1 0.0000000 1.0000000 0.0000000
0  0.0000000 0.7187500 0.2812500
1  0.1538462 0.6153846 0.2307692

[[69]]
       -1         0         1
-1 0.0000 0.5000000 0.5000000
0  0.0000 0.1666667 0.8333333
1  0.0625 0.2500000 0.6875000

[[70]]
          -1         0         1
-1 0.1428571 0.5714286 0.2857143
0  0.2903226 0.5806452 0.1290323
1  0.2142857 0.4285714 0.3571429

[[71]]
          -1         0         1
-1 0.1428571 0.5714286 0.2857143
0  0.2903226 0.5806452 0.1290323
1  0.2142857 0.4285714 0.3571429

[[72]]
          -1         0    1
-1 0.0000000 0.7500000 0.25
0  0.3125000 0.4375000 0.25
1  0.2142857 0.2857143 0.50

[[73]]
           -1         0         1
-1 0.00000000 0.0000000 1.0000000
0  0.00000000 0.8780488 0.1219512
1  0.06666667 0.4000000 0.5333333

[[74]]
    -1         0         1
-1 0.0 0.5000000 0.5000000
0  0.0 0.7777778 0.2222222
1  0.2 0.6000000 0.2000000

[[75]]
           -1         0         1
-1 0.00000000 0.3333333 0.6666667
0  0.04347826 0.5217391 0.4347826
1  0.04651163 0.2558140 0.6976744

[[76]]
           -1         0         1
-1 0.00000000 1.0000000 0.0000000
0  0.07692308 0.3846154 0.5384615
1  0.05000000 0.3500000 0.6000000

[[77]]
           -1         0         1
-1 0.00000000 0.0000000 1.0000000
0  0.04761905 0.5714286 0.3809524
1  0.04000000 0.3600000 0.6000000

[[78]]
           -1         0         1
-1 0.00000000 0.3636364 0.6363636
0  0.02325581 0.7674419 0.2093023
1  0.47619048 0.3333333 0.1904762

[[79]]
           -1         0         1
-1 0.00000000 0.2000000 0.8000000
0  0.02941176 0.7941176 0.1764706
1  0.30769231 0.5384615 0.1538462

[[80]]
           -1         0         1
-1 0.00000000 0.2500000 0.7500000
0  0.02857143 0.8000000 0.1714286
1  0.25000000 0.5833333 0.1666667

[[81]]
           -1         0         1
-1 0.00000000 0.4000000 0.6000000
0  0.14285714 0.5714286 0.2857143
1  0.05714286 0.2000000 0.7428571

[[82]]
          -1         0         1
-1 0.2083333 0.6666667 0.1250000
0  0.6521739 0.1304348 0.2173913
1  0.4000000 0.5000000 0.1000000

[[83]]
          -1         0         1
-1 0.1111111 0.4444444 0.4444444
0  0.1851852 0.4814815 0.3333333
1  0.1304348 0.3913043 0.4782609

[[84]]
          -1         0         1
-1 0.2000000 0.8000000 0.0000000
0  0.1764706 0.6470588 0.1764706
1  0.2500000 0.7500000 0.0000000

[[85]]
           -1         0         1
-1 0.00000000 0.6666667 0.3333333
0  0.08333333 0.6666667 0.2500000
1  0.23076923 0.3846154 0.3846154

[[86]]
           -1         0         1
-1 0.40000000 0.6000000 0.0000000
0  0.08333333 0.7083333 0.2083333
1  0.07692308 0.3846154 0.5384615

[[87]]
          -1         0         1
-1 0.3333333 0.3333333 0.3333333
0  0.4666667 0.2666667 0.2666667
1  0.4285714 0.3571429 0.2142857

[[88]]
    -1   0   1
-1 0.0 1.0 0.0
0  0.1 0.5 0.4
1  0.0 0.2 0.8

[[89]]
          -1         0         1
-1 0.2000000 0.6000000 0.2000000
0  0.3809524 0.3809524 0.2380952
1  0.0000000 0.4000000 0.6000000

[[90]]
          -1         0         1
-1 0.0000000 0.3333333 0.6666667
0  0.4285714 0.4285714 0.1428571
1  0.0000000 0.7500000 0.2500000

[[91]]
          -1         0         1
-1 0.2727273 0.1818182 0.5454545
0  0.1764706 0.5294118 0.2941176
1  0.2173913 0.2173913 0.5652174

[[92]]
          -1         0         1
-1 0.2857143 0.2857143 0.4285714
0  0.1428571 0.3928571 0.4642857
1  0.0250000 0.3750000 0.6000000

[[93]]
          -1         0         1
-1 0.2857143 0.5714286 0.1428571
0  0.0800000 0.3600000 0.5600000
1  0.1000000 0.3666667 0.5333333

[[94]]
           -1         0         1
-1 0.33333333 0.3333333 0.3333333
0  0.09090909 0.4545455 0.4545455
1  0.14285714 0.7142857 0.1428571

[[95]]
     -1         0         1
-1 0.00 0.3333333 0.6666667
0  0.20 0.4000000 0.4000000
1  0.05 0.2500000 0.7000000

[[96]]
           -1         0         1
-1 0.00000000 1.0000000 0.0000000
0  0.07692308 0.7538462 0.1692308
1  0.23076923 0.5384615 0.2307692

[[97]]
           -1         0          1
-1 0.07142857 0.8571429 0.07142857
0  0.08181818 0.7545455 0.16363636
1  0.17391304 0.6521739 0.17391304

[[98]]
          -1         0         1
-1 0.0000000 1.0000000 0.0000000
0  0.0781250 0.7500000 0.1718750
1  0.2307692 0.5384615 0.2307692

[[99]]
          -1         0         1
-1 0.0000000 0.5000000 0.5000000
0  0.0000000 0.4736842 0.5263158
1  0.1111111 0.2962963 0.5925926

[[100]]
          -1         0         1
-1 0.6363636 0.1818182 0.1818182
0  0.5454545 0.0000000 0.4545455
1  0.1052632 0.3684211 0.5263158

[[101]]
           -1         0         1
-1 0.61538462 0.2820513 0.1025641
0  0.43750000 0.4687500 0.0937500
1  0.08333333 0.5000000 0.4166667

[[102]]
          -1         0         1
-1 0.0000000 0.7500000 0.2500000
0  0.1111111 0.6111111 0.2777778
1  0.1111111 0.2222222 0.6666667

[[103]]
           -1         0         1
-1 0.00000000 0.7500000 0.2500000
0  0.08823529 0.6470588 0.2647059
1  0.27777778 0.3333333 0.3888889

[[104]]
       0      1
0 0.4375 0.5625
1 0.5000 0.5000

[[105]]
          0         1
0 0.4705882 0.5294118
1 0.5000000 0.5000000

[[106]]
           -1         0    1
-1 0.07142857 0.4285714 0.50
0  0.32000000 0.6400000 0.04
1  0.41666667 0.3333333 0.25

[[107]]
           -1         0         1
-1 0.16666667 0.6666667 0.1666667
0  0.06382979 0.7659574 0.1702128
1  0.18181818 0.6363636 0.1818182

[[108]]
          -1         0          1
-1 0.4583333 0.5000000 0.04166667
0  0.1486486 0.7837838 0.06756757
1  0.3333333 0.6666667 0.00000000

[[109]]
          -1         0          1
-1 0.3600000 0.5600000 0.08000000
0  0.1621622 0.7837838 0.05405405
1  0.6666667 0.3333333 0.00000000

[[110]]
          -1         0          1
-1 0.5000000 0.4166667 0.08333333
0  0.2631579 0.6578947 0.07894737
1  0.4000000 0.6000000 0.00000000

[[111]]
           -1         0         1
-1 0.00000000 1.0000000 0.0000000
0  0.00000000 0.5294118 0.4705882
1  0.07692308 0.5384615 0.3846154

[[112]]
           -1         0         1
-1 0.00000000 0.0000000 1.0000000
0  0.00000000 0.7868852 0.2131148
1  0.04545455 0.5909091 0.3636364

[[113]]
           -1         0         1
-1 0.00000000 0.0000000 1.0000000
0  0.02941176 0.7205882 0.2500000
1  0.03703704 0.7037037 0.2592593

[[114]]
     -1         0         1
-1 0.40 0.4000000 0.2000000
0  0.00 0.6666667 0.3333333
1  0.25 0.5000000 0.2500000

[[115]]
     -1         0         1
-1 0.40 0.4000000 0.2000000
0  0.00 0.6666667 0.3333333
1  0.25 0.5000000 0.2500000

[[116]]
           -1         0         1
-1 0.00000000 0.4000000 0.6000000
0  0.13793103 0.6206897 0.2413793
1  0.06666667 0.5333333 0.4000000

[[117]]
           -1         0          1
-1 0.08333333 0.4166667 0.50000000
0  0.25000000 0.6785714 0.07142857
1  0.40000000 0.4000000 0.20000000

[[118]]
           -1         0         1
-1 0.00000000 1.0000000 0.0000000
0  0.07142857 0.5714286 0.3571429
1  0.06666667 0.2666667 0.6666667

[[119]]
          -1         0          1
-1 0.6363636 0.3030303 0.06060606
0  0.3571429 0.5357143 0.10714286
1  0.2000000 0.6000000 0.20000000

[[120]]
           -1         0         1
-1 0.33333333 0.3333333 0.3333333
0  0.04545455 0.4545455 0.5000000
1  0.03370787 0.1123596 0.8539326

[[121]]
    0   1
0 0.5 0.5
1 0.2 0.8

[[122]]
          -1         0         1
-1 0.6956522 0.1739130 0.1304348
0  0.2307692 0.5769231 0.1923077
1  0.0625000 0.5000000 0.4375000

[[123]]
           -1         0         1
-1 0.00000000 0.7000000 0.3000000
0  0.06779661 0.7627119 0.1694915
1  0.31578947 0.3684211 0.3157895

[[124]]
           -1        0         1
-1 0.00000000 0.600000 0.4000000
0  0.05172414 0.862069 0.0862069
1  0.25000000 0.625000 0.1250000

[[125]]
           -1        0         1
-1 0.00000000 0.600000 0.4000000
0  0.05172414 0.862069 0.0862069
1  0.25000000 0.625000 0.1250000

[[126]]
           -1         0         1
-1 0.00000000 0.5000000 0.5000000
0  0.09090909 0.7272727 0.1818182
1  0.12500000 0.8750000 0.0000000

[[127]]
           -1         0         1
-1 0.00000000 0.6666667 0.3333333
0  0.09677419 0.7096774 0.1935484
1  0.37500000 0.6250000 0.0000000

[[128]]
     -1   0    1
-1 0.00 1.0 0.00
0  0.15 0.6 0.25
1  0.00 1.0 0.00

[[129]]
        -1       0
-1 0.00000 1.00000
0  0.09375 0.90625

[[130]]
          -1         0         1
-1 0.2272727 0.7727273 0.0000000
0  0.4838710 0.3225806 0.1935484
1  0.1428571 0.2857143 0.5714286

[[131]]
          -1         0         1
-1 0.0000000 0.8571429 0.1428571
0  0.1836735 0.5714286 0.2448980
1  0.2380952 0.3809524 0.3809524

[[132]]
           -1          0         1
-1 0.00000000 0.50000000 0.5000000
0  0.04545455 0.09090909 0.8636364
1  0.07692308 0.48717949 0.4358974

[[133]]
           -1         0         1
-1 0.25000000 0.7500000 0.0000000
0  0.09677419 0.7741935 0.1290323
1  0.00000000 0.5000000 0.5000000

[[134]]
          0         1
0 0.4444444 0.5555556
1 0.3571429 0.6428571

[[135]]
          -1         0          1
-1 0.1666667 0.8333333 0.00000000
0  0.1320755 0.7735849 0.09433962
1  0.4000000 0.6000000 0.00000000

[[136]]
           -1         0         1
-1 0.00000000 0.5000000 0.5000000
0  0.10344828 0.3103448 0.5862069
1  0.01724138 0.2931034 0.6896552

[[137]]
           -1         0         1
-1 0.00000000 0.5000000 0.5000000
0  0.10000000 0.3333333 0.5666667
1  0.01724138 0.2931034 0.6896552

[[138]]
           -1         0         1
-1 0.23076923 0.3846154 0.3846154
0  0.08333333 0.5555556 0.3611111
1  0.20000000 0.3142857 0.4857143

[[139]]
           -1         0         1
-1 0.23076923 0.3846154 0.3846154
0  0.08333333 0.5555556 0.3611111
1  0.20000000 0.3142857 0.4857143

[[140]]
           -1         0         1
-1 0.10000000 0.7000000 0.2000000
0  0.09803922 0.5686275 0.3333333
1  0.13793103 0.5172414 0.3448276

[[141]]
           -1         0         1
-1 0.18181818 0.5454545 0.2727273
0  0.08333333 0.5625000 0.3541667
1  0.16666667 0.5000000 0.3333333

[[142]]
          -1         0          1
-1 0.2142857 0.7857143 0.00000000
0  0.2439024 0.6585366 0.09756098
1  0.2500000 0.7500000 0.00000000

[[143]]
      -1         0         1
-1 0.125 0.7500000 0.1250000
0  0.050 0.3000000 0.6500000
1  0.250 0.3333333 0.4166667

[[144]]
          -1         0         1
-1 0.1666667 0.6666667 0.1666667
0  0.5500000 0.2000000 0.2500000
1  0.2631579 0.2105263 0.5263158

[[145]]
          -1         0         1
-1 0.2500000 0.6000000 0.1500000
0  0.5500000 0.2000000 0.2500000
1  0.2631579 0.2105263 0.5263158

[[146]]
          -1         0         1
-1 0.2500000 0.6875000 0.0625000
0  0.4736842 0.2631579 0.2631579
1  0.2352941 0.1764706 0.5882353

[[147]]
           -1         0         1
-1 0.66666667 0.3333333 0.0000000
0  0.02777778 0.8333333 0.1388889
1  0.14285714 0.5714286 0.2857143

[[148]]
      -1     0   1
-1 0.250 0.250 0.5
0  0.125 0.875 0.0
1  0.000 1.000 0.0

[[149]]
           -1         0          1
-1 0.28571429 0.7142857 0.00000000
0  0.06896552 0.6379310 0.29310345
1  0.00000000 0.9444444 0.05555556

[[150]]
           -1         0         1
-1 0.28571429 0.7142857 0.0000000
0  0.03030303 0.7878788 0.1818182
1  0.13333333 0.6666667 0.2000000

[[151]]
          -1         0         1
-1 0.2941176 0.7058824 0.0000000
0  0.1538462 0.6346154 0.2115385
1  0.2352941 0.3529412 0.4117647

[[152]]
          -1         0         1
-1 0.2500000 0.5833333 0.1666667
0  0.1875000 0.5312500 0.2812500
1  0.1111111 0.5000000 0.3888889

